10
18
22
43
67
83
121
163
255
261
265
278
283
327
367
373
380
389
396
402
422
433
442
460
462
476
480
495
499
519
523
527
530
536
554
556
575
604
611
613
668
680
685
709
714
719
747
768
776
780
791
800
811
847
855
886
887
923
924
936
971
1018
1021
1029
1045
1082
1095
1105
1129
1156
1360
1370
1371
1390
1404
1406
1426
1431
1433
1471
1472
1474
1506
1507
1518
1526
1541
1546
1569
1572
1597
1600
1602
1620
1639
1758
1761
1771
1784
1789
1834
1848
1851
1858
1863
1865
1884
1904
1911
1915
1924
1961
1964
2017
2023
2046
2052
2056
2107
2121
2164
2190
2196
2221
2225
2233
2235
2245
2278
2301
2302
2305
2312
2356
2361
2363
2368
2372
2392
2398
2406
2418
2455
2458
2461
2464
2466
2475
2483
2484
2515
2527
2542
2554
2620
2642
2647
2666
2670
2739
2749
2751
2777
2791
2812
2863
2868
2911
2917
2919
2933
2955
3003
3021
3030
3087
3097
3119
3126
3194
3198
3200
3204
3235
3237
3249
3255
3273
3289
3297
3304
3316
3331
3347
3382
3476
3494
3500
3528
3549
3586
3596
3603
3609
3634
3636
3637
3642
3644
3647
3676
3688
3705
3714
3775
3788
3819
3854
3864
3875
3926
3949
3962
3971
4006
4010
4062
4078
4082
4092
4104
4120
4123
4133
4137
4152
4173
4177
4280
4286
4296
4305
4313
4324
4353
4360
4440
4454
4481
4512
4521
4536
4564
4566
4576
4577
4583
4617
4623
4651
4654
4655
4657
4662
4683
4686
4691
4704
4729
4736
4745
4771
4829
4877
4910
4924
4929
4939
4940
4946
4969
4971
4976
4996
5006
5012
5021
5033
5044
5099
5103
5124
5132
5141
5208
5221
5226
5237
5238
5256
5292
5320
5324
5348
5350
5354
5393
5429
5433
5437
5458
5498
5505
5539
5547
5554
5568
5571
5585
5596
5597
5636
5647
5667
5712
5736
5741
5752
5796
5821
5836
5847
5863
5876
5877
5896
5898
5916
5919
5920
5939
5941
5945
5961
5967
5973
5992
6002
6003
6006
6052
6070
6071
6077
6099
6110
6144
6162
6178
6186
6194
6210
6245
6253
6254
6267
6269
6272
6297
6312
6331
6375
6378
6397
6413
6419
6456
6478
6500
6533
6541
6543
6551
6555
6585
6590
6600
6602
6615
6616
6618
6625
6656
6669
6692
6720
6723
6752
6773
6804
6857
6861
6868
6882
6905
6907
6923
6935
6939
6952
6976
7012
7023
7032
7033
7036
7041
7052
7095
7105
7110
7114
7127
7178
7184
7228
7239
7249
7278
7290
7310
7322
7325
7347
7357
7365
7369
7378
7414
7469
7515
7518
7555
7585
7590
7591
7604
7629
7652
7705
7712
7730
7756
7760
7765
7773
7774
7778
7779
7786
7807
7808
7829
7846
7853
7857
7880
7881
7892
7907
7951
8000
8002
8017
8075
8093
8101
8157
8164
8165
8169
8186
8195
8205
8218
8244
8245
8270
8276
8279
8292
8309
8318
8325
8344
8371
8379
8388
8423
8431
8444
8445
8447
8454
8502
8515
8524
8525
8545
8575
8595
8602
8636
8729
8737
8738
8740
8813
8825
8839
8846
8871
8874
8881
8890
8905
8952
8954
8989
9013
9039
9060
9069
9083
9084
9149
9159
9183
9196
9198
9204
9210
9212
9224
9233
9237
9252
9256
9257
9271
9278
9285
9308
9382
9396
9402
9480
9512
9534
9537
9543
9576
9664
9684
9691
9699
9721
9730
9738
9748
9761
9781
9800
9803
9816
9854
9855
9860
9903
9914
9916
9923
9925
9944
9948
9970
9980
9982
9983
9989
9990
9997
10002
10012
10035
10044
10047
10108
10116
10121
10141
10177
10182
10202
10241
10252
10286
10287
10303
10319
10325
10330
10344
10364
10400
10416
10419
10427
10456
10466
10484
10491
10499
10506
10518
10525
10560
10590
10591
10593
10598
10600
10616
10628
10643
10656
10662
10700
10725
10775
10791
10806
10866
10885
10890
10893
10895
10920
10930
10992
11003
11028
11051
11053
11059
11067
11072
11074
11106
11133
11197
11210
11240
11278
11318
11320
11366
11380
11435
11469
11478
11493
11496
11543
11551
11608
11629
11638
11643
11647
11654
11658
11666
11670
11705
11733
11740
11757
11767
11775
11791
11798
11809
11816
11827
11828
11840
11867
11894
11902
11943
11946
11964
11974
11993
12001
12002
12011
12022
12041
12065
12088
12101
12116
12119
12131
12147
12159
12171
12173
12188
12189
12230
12266
12267
12275
12284
12354
12384
12402
12412
12424
12449
12460
12474
12506
12514
12533
12549
12599
12604
12618
12630
12640
12694
12701
12712
12737
12746
12752
12792
12799
12809
12817
12847
12883
12894
12905
12909
12946
12953
12971
12995
12999
13004
13020
13028
13038
13052
13063
13066
13075
13082
13086
13107
13122
13161
13194
13202
13209
13222
13296
13297
13363
13367
13375
13394
13395
13398
13411
13423
13440
13488
13489
13493
13507
13533
13549
13562
13578
13585
13590
13607
13608
13611
13625
13666
13669
13682
13686
13701
13735
13752
13764
13783
13788
13789
13791
13801
13813
13818
13831
13855
13878
13884
13913
13930
13937
13939
13946
13947
13958
13975
13976
13982
13986
13992
14007
14012
14015
14028
14049
14072
14078
14104
14117
14157
14190
14194
14201
14222
14228
14238
14291
14293
14313
14332
14360
14369
14381
14422
14445
14454
14468
14483
14495
14509
14531
14540
14549
14553
14561
14564
14590
14592
14618
14633
14661
14679
14705
14714
14716
14725
14774
14779
14830
14834
14837
14841
14849
14855
14870
14882
14896
14900
14901
14928
14935
14952
14955
14990
15055
15089
15119
15124
15135
15138
15148
15161
15169
15170
15183
15206
15209
15223
15234
15236
15237
15267
15275
15279
15309
15342
15345
15413
15418
15429
15432
15434
15463
15465
15473
15480
15490
15492
15493
15556
15586
15597
15650
15656
15681
15766
15769
15791
15841
15943
15946
15955
15958
15965
15973
16027
16039
16040
16044
16050
16062
16075
16091
16111
16130
16149
16150
16181
16188
16198
16233
16241
16257
16268
16289
16320
16325
16333
16343
16365
16390
16446
16465
16475
16479
16486
16498
16502
16508
16557
16584
16594
16631
16649
16650
16679
16694
16701
16704
16744
16767
16772
16787
