3
5
8
9
10
12
13
14
15
16
17
18
19
22
23
25
26
28
32
35
37
38
39
41
43
45
46
47
48
49
51
53
55
57
60
63
64
65
66
67
70
72
73
76
77
80
81
82
83
84
85
86
87
89
90
92
93
95
96
97
98
99
102
103
104
107
108
109
110
112
113
114
115
116
121
122
123
124
125
127
129
133
135
136
137
138
139
140
143
144
145
146
147
151
155
156
157
158
160
164
169
172
174
176
182
184
185
188
191
193
195
196
199
200
201
203
204
205
207
208
212
214
215
216
217
218
224
225
226
229
230
233
235
236
238
242
244
245
246
247
250
254
255
256
258
259
260
261
262
265
267
268
269
273
274
275
277
278
281
283
290
291
292
297
298
301
303
305
306
307
308
310
311
313
314
315
317
318
319
321
322
324
325
326
327
328
329
330
331
334
336
338
340
341
343
345
346
347
352
355
356
357
360
361
362
367
369
370
372
373
374
375
378
379
380
384
387
388
389
391
392
396
398
399
400
402
407
411
412
413
418
420
422
423
425
426
428
433
434
437
438
439
440
444
446
448
449
453
454
455
457
458
460
461
462
465
468
470
471
472
473
474
475
478
479
480
481
484
486
488
490
492
496
497
499
500
501
502
503
505
508
509
510
512
513
515
517
518
519
522
523
525
529
530
531
532
534
535
536
537
540
541
543
545
547
550
551
553
554
555
556
557
560
563
564
566
567
568
569
571
572
574
575
580
583
584
587
589
590
591
592
593
594
595
597
603
604
605
606
609
610
611
612
613
614
615
616
617
619
622
623
624
628
632
634
635
636
637
639
640
642
643
644
645
646
647
648
649
652
655
656
657
658
660
663
664
665
667
668
669
670
671
672
675
677
680
681
683
684
685
686
687
689
692
696
700
704
705
706
707
709
711
714
716
717
719
720
722
723
724
725
726
729
731
733
734
736
743
747
749
750
753
754
755
756
757
760
763
766
768
769
771
775
776
777
779
781
782
784
785
787
791
793
796
798
799
800
801
802
805
806
807
810
811
816
819
821
823
824
825
826
828
829
830
836
837
839
841
842
843
847
850
851
852
855
857
860
861
862
863
864
866
870
871
872
875
876
877
879
882
883
884
886
887
888
889
893
894
896
899
901
903
907
910
914
917
918
919
920
921
923
925
927
930
936
937
943
944
947
950
953
954
957
958
959
960
962
963
965
966
967
970
971
973
975
976
977
982
987
989
990
991
993
995
996
999
1000
1007
1009
1012
1013
1014
1016
1017
1018
1019
1020
1022
1024
1029
1030
1035
1037
1038
1040
1042
1044
1045
1049
1051
1053
1055
1056
1057
1058
1065
1067
1069
1073
1074
1077
1078
1080
1081
1082
1085
1087
1088
1089
1090
1094
1096
1099
1106
1107
1108
1111
1114
1115
1116
1118
1119
1122
1123
1126
1128
1129
1132
1134
1139
1140
1141
1142
1143
1145
1146
1153
1155
1161
1162
1168
1169
1170
1172
1173
1174
1176
1177
1180
1185
1186
1187
1188
1191
1194
1195
1198
1200
1202
1203
1204
1205
1206
1207
1209
1210
1211
1212
1213
1216
1217
1218
1219
1221
1225
1228
1230
1232
1233
1236
1237
1239
1241
1247
1248
1249
1250
1252
1253
1255
1256
1258
1263
1265
1267
1269
1270
1274
1276
1277
1279
1280
1283
1284
1285
1288
1297
1300
1302
1303
1304
1306
1307
1308
1310
1311
1312
1313
1315
1317
1319
1320
1322
1325
1327
1328
1330
1342
1346
1347
1348
1350
1351
1352
1355
1356
1359
1364
1367
1368
1369
1371
1372
1374
1376
1377
1379
1380
1383
1386
1388
1393
1396
1398
1401
1402
1403
1404
1406
1412
1413
1415
1417
1420
1421
1424
1426
1427
1430
1431
1432
1433
1437
1438
1441
1442
1443
1444
1445
1446
1447
1448
1449
1453
1455
1460
1461
1462
1465
1466
1469
1471
1472
1474
1476
1477
1480
1484
1486
1487
1488
1489
1495
1496
1500
1502
1503
1506
1507
1508
1511
1516
1517
1518
1519
1520
1521
1523
1524
1526
1530
1533
1536
1537
1538
1539
1540
1541
1543
1544
1546
1548
1550
1551
1552
1554
1555
1556
1557
1561
1564
1565
1566
1569
1570
1571
1572
1575
1576
1580
1582
1583
1584
1585
1586
1587
1588
1589
1590
1592
1593
1594
1597
1599
1600
1601
1604
1607
1609
1610
1612
1614
1618
1619
1620
1622
1629
1630
1634
1635
1636
1640
1644
1647
1648
1649
1650
1653
1654
1656
1657
1661
1662
1665
1666
1670
1671
1673
1674
1676
1677
1682
1683
1684
1685
1689
1690
1691
1692
1696
1697
1698
1699
1700
1701
1703
1704
1711
1713
1714
1715
1723
1724
1725
1728
1730
1736
1737
1741
1742
1743
1745
1747
1748
1750
1751
1753
1755
1757
1758
1761
1762
1768
1769
1771
1773
1774
1776
1777
1780
1785
1787
1789
1790
1792
1793
1797
1802
1804
1806
1808
1812
1813
1814
1815
1816
1817
1819
1821
1823
1824
1825
1826
1828
1832
1834
1835
1836
1839
1842
1845
1847
1848
1849
1850
1851
1852
1854
1855
1858
1859
1860
1862
1863
1864
1865
1869
1871
1873
1874
1876
1880
1881
1883
1884
1887
1888
1890
1894
1895
1897
1901
1902
1903
1904
1905
1909
1911
1914
1915
1916
1917
1918
1920
1921
1922
1924
1926
1929
1932
1936
1938
1940
1941
1942
1944
1945
1946
1947
1952
1953
1957
1964
1967
1970
1971
1975
1977
1979
1980
1981
1982
1985
1986
1989
1992
1994
2003
2005
2007
2010
2011
2012
2013
2017
2018
2019
2020
2021
2022
2024
2026
2029
2030
2033
2034
2037
2040
2041
2044
2045
2046
2047
2048
2052
2053
2054
2056
2059
2061
2062
2063
2064
2065
2075
2078
2081
2084
2086
2091
2093
2095
2096
2100
2103
2104
2107
2111
2113
2115
2119
2122
2124
2129
2130
2133
2134
2136
2137
2139
2140
2141
2142
2146
2147
2148
2150
2151
2152
2153
2156
2157
2160
2161
2164
2165
2169
2171
2172
2173
2174
2175
2178
2185
2186
2188
2190
2193
2194
2195
2196
2197
2198
2201
2202
2203
2204
2206
2207
2208
2209
2210
2211
2212
2213
2215
2216
2217
2218
2220
2221
2222
2225
2227
2228
2230
2232
2233
2235
2236
2237
2240
2241
2242
2243
2244
2245
2247
2250
2251
2253
2255
2256
2257
2261
2263
2264
2265
2271
2273
2275
2276
2277
2278
2279
2280
2282
2283
2284
2287
2289
2290
2292
2293
2294
2296
2297
2298
2301
2303
2304
2305
2308
2309
2312
2313
2314
2315
2318
2320
2322
2324
2327
2330
2333
2335
2336
2338
2339
2340
2341
2342
2343
2344
2345
2346
2347
2350
2351
2352
2355
2356
2357
2358
2360
2361
2362
2363
2364
2366
2368
2372
2376
2380
2381
2382
2386
2387
2388
2391
2392
2394
2396
2397
2398
2399
2400
2403
2404
2405
2406
2408
2413
2415
2416
2418
2420
2425
2426
2427
2428
2430
2433
2435
2437
2438
2439
2440
2444
2446
2450
2452
2454
2455
2456
2457
2458
2460
2461
2464
2465
2466
2468
2469
2471
2472
2474
2475
2478
2480
2483
2484
2485
2487
2493
2495
2497
2500
2504
2505
2508
2511
2513
2514
2516
2517
2520
2521
2523
2524
2525
2527
2528
2531
2534
2535
2536
2539
2542
2544
2547
2549
2550
2552
2553
2554
2557
2558
2561
2564
2565
2566
2568
2569
2572
2574
2575
2577
2585
2586
2590
2591
2597
2600
2603
2607
2610
2612
2613
2615
2616
2617
2620
2623
2625
2627
2628
2630
2632
2634
2635
2636
2641
2642
2643
2644
2647
2651
2652
2653
2654
2656
2658
2659
2660
2662
2665
2666
2670
2671
2673
2674
2675
2677
2678
2679
2683
2684
2687
2688
2689
2692
2693
2694
2695
2701
2702
2704
2705
2709
2710
2711
2715
2719
2720
2723
2724
2727
2728
2730
2731
2734
2735
2736
2737
2738
2739
2740
2741
2742
2743
2744
2746
2748
2749
2750
2751
2752
2753
2756
2757
2759
2762
2764
2765
2766
2768
2769
2770
2771
2772
2773
2774
2778
2781
2782
2785
2787
2788
2789
2791
2792
2794
2796
2797
2801
2802
2807
2808
2809
2811
2812
2814
2815
2818
2826
2827
2830
2831
2832
2834
2837
2840
2843
2844
2845
2851
2853
2859
2862
2863
2868
2872
2874
2875
2876
2877
2878
2881
2883
2884
2885
2886
2887
2888
2893
2895
2896
2897
2900
2902
2904
2905
2906
2907
2908
2909
2911
2913
2916
2917
2918
2919
2921
2923
2925
2926
2928
2929
2932
2933
2935
2941
2947
2948
2949
2950
2952
2953
2955
2958
2960
2961
2962
2964
2966
2968
2969
2970
2971
2972
2974
2975
2977
2979
2980
2981
2982
2984
2986
2988
2990
2991
2992
2993
2994
2996
2999
3003
3004
3006
3007
3008
3009
3010
3012
3013
3014
3017
3018
3020
3021
3022
3023
3028
3029
3030
3035
3036
3040
3041
3042
3043
3045
3048
3050
3051
3054
3056
3057
3059
3062
3065
3067
3069
3073
3074
3075
3079
3080
3081
3082
3083
3087
3090
3091
3092
3093
3094
3096
3097
3098
3099
3100
3104
3105
3106
3110
3112
3114
3116
3119
3120
3121
3123
3125
3126
3127
3129
3130
3131
3132
3133
3136
3138
3140
3143
3145
3146
3147
3149
3153
3154
3157
3158
3160
3165
3172
3173
3174
3177
3179
3180
3181
3182
3183
3184
3185
3187
3188
3189
3190
3191
3193
3194
3196
3197
3198
3199
3200
3201
3203
3204
3205
3209
3210
3212
3215
3216
3217
3222
3223
3224
3225
3226
3227
3228
3229
3230
3231
3232
3235
3236
3237
3239
3242
3244
3245
3246
3248
3249
3250
3252
3253
3254
3255
3256
3258
3262
3263
3265
3267
3271
3273
3274
3277
3278
3280
3281
3282
3284
3285
3287
3288
3289
3290
3295
3298
3299
3304
3305
3307
3310
3311
3312
3314
3315
3316
3317
3318
3320
3322
3326
3327
3328
3329
3331
3332
3336
3337
3338
3339
3343
3346
3347
3349
3351
3352
3353
3354
3355
3359
3361
3362
3364
3365
3366
3367
3368
3369
3372
3373
3375
3376
3378
3382
3383
3384
3386
3389
3393
3394
3400
3401
3403
3405
3408
3416
3417
3418
3419
3424
3426
3427
3429
3431
3432
3433
3435
3436
3438
3440
3443
3448
3450
3451
3452
3453
3457
3458
3465
3466
3468
3472
3474
3475
3476
3477
3478
3482
3491
3492
3494
3496
3497
3500
3501
3502
3503
3504
3505
3506
3507
3508
3509
3511
3513
3514
3515
3517
3518
3523
3524
3527
3528
3532
3534
3536
3538
3540
3541
3542
3545
3547
3549
3553
3554
3555
3556
3561
3563
3565
3567
3568
3569
3571
3572
3573
3576
3577
3578
3581
3583
3584
3586
3587
3589
3590
3591
3592
3594
3595
3596
3597
3598
3599
3600
3601
3603
3608
3609
3610
3612
3613
3614
3616
3618
3619
3620
3623
3626
3627
3629
3634
3635
3636
3637
3639
3643
3644
3645
3646
3647
3648
3649
3653
3654
3655
3656
3658
3660
3665
3667
3669
3670
3673
3676
3677
3679
3681
3683
3684
3687
3688
3691
3692
3695
3696
3703
3705
3708
3713
3714
3716
3717
3720
3721
3725
3728
3735
3740
3741
3742
3743
3744
3745
3746
3747
3748
3749
3751
3753
3755
3756
3757
3758
3761
3762
3763
3766
3771
3774
3775
3777
3778
3780
3782
3784
3785
3788
3789
3790
3792
3793
3794
3795
3797
3798
3799
3801
