1
4
7
20
21
24
27
29
30
34
36
42
52
54
61
75
78
79
88
100
101
105
131
152
163
167
175
179
180
187
189
192
194
206
211
237
241
266
272
279
302
304
323
350
351
366
376
381
385
394
401
409
417
419
424
427
429
430
431
445
450
459
476
487
489
491
495
524
533
538
542
552
558
576
582
585
600
601
608
662
673
674
688
697
721
735
737
739
746
765
773
778
780
786
789
792
795
803
809
813
817
827
840
848
849
854
858
867
868
869
895
906
911
924
931
935
941
949
952
956
961
972
978
980
985
1002
1004
1005
1006
1008
1021
1054
1060
1062
1066
1079
1102
1104
1105
1120
1135
1138
1149
1150
1151
1152
1156
1158
1160
1163
1167
1179
1190
1197
1199
1201
1223
1231
1238
1242
1246
1260
1261
1264
1266
1273
1282
1289
1290
1309
1318
1323
1326
1333
1334
1335
1336
1339
1340
1341
1345
1358
1362
1366
1370
1373
1375
1378
1381
1384
1390
1392
1397
1399
1408
1409
1410
1411
1423
1436
1450
1458
1473
1475
1478
1479
1482
1485
1494
1498
1501
1509
1515
1527
1529
1534
1542
1547
1558
1577
1602
1606
1611
1621
1626
1637
1638
1643
1669
1675
1687
1694
1707
1710
1716
1720
1733
1740
1744
1749
1756
1764
1767
1772
1783
1791
1795
1798
1799
1809
1810
1818
1822
1827
1837
1838
1856
1868
1882
1898
1910
1912
1913
1919
1927
1930
1935
1956
1959
1960
1961
1969
1984
1996
1999
2000
2008
2031
2038
2039
2058
2066
2067
2068
2073
2076
2079
2080
2082
2083
2085
2089
2090
2092
2099
2105
2106
2108
2117
2118
2121
2127
2131
2132
2135
2138
2154
2177
2184
2191
2219
2239
2246
2254
2258
2260
2262
2268
2269
2281
2286
2302
2311
2319
2321
2329
2331
2354
2378
2390
2393
2395
2414
2417
2419
2421
2424
2448
2451
2463
2482
2491
2492
2494
2499
2510
2515
2518
2519
2540
2541
2543
2555
2556
2559
2562
2573
2578
2581
2588
2595
2599
2618
2621
2622
2637
2655
2661
2664
2668
2672
2680
2681
2682
2713
2714
2718
2725
2733
2763
2780
2790
2800
2810
2816
2824
2825
2829
2835
2839
2842
2846
2850
2860
2864
2865
2867
2869
2870
2879
2891
2899
2910
2912
2915
2936
2937
2957
2959
2973
2983
3001
3002
3016
3019
3046
3060
3070
3084
3089
3101
3107
3111
3115
3122
3124
3128
3141
3148
3150
3151
3164
3167
3168
3178
3186
3208
3211
3214
3218
3220
3233
3247
3264
3269
3270
3286
3294
3296
3302
3303
3306
3313
3325
3330
3335
3348
3350
3356
3357
3371
3377
3379
3402
3406
3412
3413
3422
3428
3437
3439
3445
3454
3455
3456
3459
3461
3473
3480
3487
3490
3498
3499
3510
3520
3525
3526
3529
3543
3544
3551
3552
3557
3579
3582
3611
3622
3628
3632
3641
3642
3650
3651
3662
3668
3671
3675
3678
3680
3689
3690
3700
3701
3723
3727
3729
3730
3732
3734
3736
3768
3769
3791
3800
3802
3807
3819
3826
3827
3830
3831
3836
3839
3843
3850
3858
3867
3872
3873
3875
3884
3903
3911
3915
3930
3934
3935
3936
3949
3950
3960
3961
3963
3969
3970
3992
4006
4007
4023
4028
4038
4043
4049
4070
4075
4087
4093
4094
4098
4105
4135
4148
4158
4159
4161
4163
4164
4168
4175
4205
4219
4224
4230
4238
4248
4254
4258
4260
4271
4279
4282
4283
4294
4296
4311
4314
4337
4338
4346
4347
4363
4370
4380
4393
4397
4403
4404
4408
4419
4424
4443
4444
4450
4454
4460
4492
4497
4506
4511
4518
4519
4530
4531
4534
4535
4537
4538
4539
4544
4554
4587
4588
4592
4597
4610
4611
4618
4633
4641
4652
4656
4658
4659
4669
4672
4680
4685
4687
4692
4695
4702
4706
4720
4722
4723
4726
4738
4758
4759
4769
4777
4784
4795
4805
4806
4809
4813
4821
4823
4842
4857
4859
4864
4869
4879
4888
4889
4892
4896
4899
4900
4907
4909
4911
4915
4919
4924
4933
4939
4942
4946
4960
4966
4986
4991
4998
5001
5003
5016
5029
5032
5033
5043
5044
5045
5048
5057
5066
5067
5072
5073
5085
5095
5097
5111
5112
5114
5128
5135
5137
5142
5145
5156
5160
5164
5170
5171
5174
5176
5177
5188
5200
5206
5222
5235
5237
5248
5250
5267
5278
5279
5288
5290
5291
5298
5305
5307
5308
5310
5313
5326
5328
5336
5340
5366
5397
5408
5411
5421
5424
5430
5436
5454
5465
5475
5478
5492
5508
5511
5512
5513
5515
5521
5522
5556
5560
5568
5570
5572
5588
5590
5593
5595
5600
5601
5604
5605
5616
5621
5641
5645
5647
5655
5666
5672
5683
5684
5687
5698
5733
5737
5746
5756
5757
5760
5765
5778
5790
5792
5795
5797
5807
5813
5815
5818
5826
5832
5837
5844
5847
5848
5857
5859
5860
5869
5873
5879
5880
5882
5894
5910
5912
5914
5920
5936
5940
5942
5947
5970
5986
6008
6017
6018
6030
6032
6034
6039
6046
6057
6059
6064
6075
6077
6087
6093
6108
6119
6123
6131
6139
6140
6145
6150
6158
6164
6191
6199
6206
6211
6219
6227
6230
6249
6250
6255
6274
6277
6278
6289
6303
6305
6314
6326
6373
6374
6376
6390
6412
6433
6435
6437
6447
6448
6457
6462
6465
6474
6478
6480
6507
6522
6526
6530
6532
6548
6561
6570
6572
6582
6584
6589
6595
6607
6609
6611
6622
6629
6631
6636
6639
6642
6649
6654
6661
6676
6677
6681
6683
6685
6694
6698
6714
6716
6718
6726
6731
6741
6749
6750
6751
6776
6788
6789
6793
6801
6803
6805
6821
6827
6841
6854
6862
6868
6870
6885
6894
6895
6903
6904
6908
6921
6933
6936
6937
6948
6954
6963
6985
6989
6992
6994
7003
7009
7011
7020
7037
7039
7040
7042
7043
7044
7072
7076
7094
7096
7100
7101
7123
7126
7131
7155
7156
7159
7171
7186
7188
7191
7194
7221
7224
7227
7232
7234
7236
7241
7254
7277
7290
7305
7333
7339
7344
7352
7356
7361
7367
7372
7378
7379
7384
7387
7388
7393
7411
7420
7421
7434
7436
7438
7445
7455
7459
7463
7464
7478
7484
7488
7489
7491
7492
7495
7498
7499
7515
7519
7544
7551
7553
7558
7573
7578
7579
7585
7594
7597
7599
7603
7609
7619
7630
7640
7657
7661
7664
7669
7677
7686
7705
7707
7720
7721
7726
7750
7760
7772
7776
7783
7791
7803
7804
7816
7825
7829
7840
7843
7844
7855
7861
7864
7865
7868
7877
7884
7887
7892
7899
7917
7919
7933
7945
7963
7971
7982
7985
7986
7989
7999
8006
8009
8012
8014
8019
8020
8035
8037
8051
8053
8057
8062
8065
8077
8084
8092
8100
8102
8111
8113
8131
8137
8140
8144
8150
8154
8157
8161
8179
8184
8202
8204
8209
8213
8217
8221
8250
8252
8254
8259
8276
8281
8286
8317
8321
8336
8341
8348
8349
8357
8358
8359
8369
8371
8378
8382
8389
8392
8417
8432
8453
8473
8477
8480
8482
8486
8492
8494
8498
8500
8505
8522
8524
8542
8544
8550
8554
8560
8561
8564
8581
8603
8618
8622
8626
8643
8662
8681
8695
8696
8717
8742
8748
8752
8756
8764
8769
8784
8789
8792
8801
8811
8831
8838
8845
8850
8856
8857
8859
8863
8875
8878
8887
8902
8904
8910
8913
8917
8923
8936
8937
8969
8976
8987
8990
9000
9003
9005
9010
9014
9016
9028
9034
9041
9061
9065
9067
9068
9070
9075
9077
9096
9105
9108
9110
9125
9126
9128
9131
9135
9139
9144
9157
9159
9170
9174
9186
9195
9203
9204
9209
9220
9227
9233
9235
9236
9257
9260
9264
9267
9281
9284
9289
9292
9293
9315
9327
9330
9340
9350
9358
9397
9401
9406
9407
9408
9414
9432
9445
9449
9456
9465
9467
9482
9487
9511
9519
9530
9534
9538
9554
9557
9564
9565
9585
9592
9595
9598
9601
9604
9631
9637
9638
9649
9655
9659
9663
9674
9677
9678
9680
9693
9698
9700
9705
9717
9718
9724
9745
9747
9750
9768
9770
9773
9774
9786
9793
9800
9809
9811
9819
9827
9830
9833
9835
9837
9848
9864
9868
9876
9879
9883
9884
9887
9890
9892
9899
9903
9906
9911
9912
9922
9925
9934
9951
9955
9959
9972
9977
9990
9999
10001
10015
10020
10025
10028
10032
10056
10057
10080
10083
10093
10094
10096
10099
10104
10107
10122
10128
10132
10139
10151
10160
10167
10180
10182
10205
10206
10208
10215
10239
10243
10247
10258
10263
10275
10277
10279
10282
10288
10295
10298
10302
10304
10310
10311
10312
10326
10331
10344
10359
10362
10378
10379
10382
10383
10389
10393
10401
10416
10417
10419
10454
10455
10460
10461
10462
10467
10473
10479
10483
10495
10500
10502
10506
10507
10512
10519
10525
10527
10529
10530
10543
10554
10557
10564
10568
10572
10574
10611
10618
10622
10624
10633
10636
10641
10642
10649
10658
10659
10684
10690
10691
10704
10710
10717
10725
10727
10732
10733
10760
10765
10773
10774
10781
10785
10788
10807
10812
10818
10822
10831
10834
10835
10837
10851
10852
10873
10874
10897
10902
10913
10923
10925
10927
10937
10947
10954
10956
10995
11011
11014
11018
11025
11029
11074
11082
11100
11107
11113
11121
11127
11136
11167
11170
11193
11201
11209
11220
11240
11241
11243
11255
11258
11265
11274
11276
11288
11294
11295
11297
11298
11300
11304
11305
11307
11317
11325
11336
11341
11349
11353
11360
11369
11379
11385
11402
11436
11447
11465
11467
11479
11482
11486
11489
11522
11525
11533
11541
11546
11547
11549
11552
11553
11565
11591
11594
11602
11604
11610
11620
11622
11631
11633
11636
11640
11650
11652
11654
11677
11678
11680
11686
11701
11716
11726
11728
11734
11737
11742
11752
11773
11779
11782
11783
11784
11786
11791
11792
11795
11805
11808
11826
11831
11835
11836
11837
11840
11848
11860
11861
11876
11878
11883
11887
11889
11893
11895
11898
11900
11901
11923
11927
11929
11955
11963
11973
11977
11985
11991
11993
11996
12005
12010
12017
12025
12026
12028
12032
12041
12052
12061
12079
12099
12102
12106
12111
12117
12121
12123
12135
12140
12144
12146
12152
12160
12165
12178
12187
12191
12192
12197
12222
12228
12240
12252
12253
12255
12263
12264
12274
12291
12292
12296
12321
12334
12344
12362
12384
12386
12395
12397
12400
12407
12417
12422
12432
12435
12453
12454
12476
12494
12496
12499
12508
12519
12530
12543
12564
12565
12566
12578
12580
12587
12592
12600
12623
12626
12632
12633
12639
12650
12651
12657
12663
12672
12677
12683
12686
12688
12701
12706
12709
12713
12714
12715
12721
12722
12723
12724
12725
12732
12753
12761
12762
12771
12774
12780
12782
12786
12789
12795
12801
12812
12821
12844
12849
12851
12855
12857
12868
12870
12873
12891
12900
12904
12908
12918
12931
12935
12942
12946
12948
12949
12950
13000
13013
13018
13020
13022
13036
13042
13051
13057
13070
13093
13095
13102
13107
13115
13134
13138
13145
13146
13152
13185
13190
13194
13201
13205
13220
13225
13248
13263
13270
13278
13292
13304
13307
13312
13317
13319
13325
13328
13345
13349
13350
13354
13364
13368
13379
13411
13419
13428
13433
13436
13441
13444
13450
13454
13457
13458
13470
13474
13480
13485
13489
13491
13492
13497
13511
13535
13536
13540
13543
13547
13556
13580
13587
13588
13591
13603
13622
13626
13636
13639
13641
13671
13689
13690
13691
13700
13721
13745
13768
13770
13777
13785
13786
13787
13797
13824
13826
13828
13833
13835
13836
13840
13842
13851
13861
13869
13875
13893
13901
13905
13927
13929
13931
13949
13954
13969
13973
13978
13979
13982
13985
13994
13996
14003
14017
14033
14038
14040
14041
14066
14085
14086
14099
14102
14106
14112
14116
14134
14154
14160
14163
14170
14173
14175
14180
14186
14192
14197
14203
14211
14219
14222
14226
14231
14240
14243
14244
14245
14252
14263
14264
14278
14280
14281
14288
14296
14297
14302
14323
14334
14345
14350
14378
14385
14399
14401
14406
14417
14425
14436
14442
14459
14473
14479
14481
14491
14493
14506
14510
14511
14532
14538
14539
14560
14568
14569
14574
14575
14609
14621
14629
14642
14646
14651
14660
14664
14670
14709
14718
14721
14733
14738
14740
14748
14749
14765
14766
