2
27
47
66
69
76
80
81
84
118
125
127
155
158
169
172
205
212
219
260
277
307
311
352
362
372
387
392
400
447
448
478
484
497
500
525
538
560
565
566
590
591
601
605
639
664
665
677
684
694
698
735
737
767
794
816
828
893
906
938
948
961
978
990
1004
1007
1024
1027
1035
1049
1140
1221
1228
1255
1258
1274
1285
1302
1314
1318
1327
1333
1335
1346
1348
1383
1420
1424
1443
1447
1455
1462
1464
1537
1539
1555
1565
1591
1606
1616
1644
1648
1691
1770
1794
1816
1826
1849
1892
1922
1929
1970
2015
2045
2061
2062
2099
2103
2146
2153
2181
2185
2203
2208
2244
2264
2298
2330
2333
2357
2358
2397
2399
2405
2423
2424
2492
2497
2498
2529
2539
2543
2590
2616
2628
2695
2737
2787
2798
2844
2854
2866
2874
2875
2883
2897
2900
2926
2966
2967
2992
3029
3045
3059
3061
3067
3070
3074
3080
3120
3121
3124
3140
3157
3173
3183
3185
3195
3210
3217
3241
3253
3265
3274
3299
3334
3369
3370
3383
3405
3429
3448
3475
3496
3501
3555
3589
3598
3614
3625
3626
3650
3654
3734
3744
3745
3752
3756
3769
3812
3834
3844
3846
3856
3866
3898
3903
3927
3930
3933
3935
3969
3970
3981
4017
4026
4030
4072
4090
4162
4178
4198
4204
4227
4234
4241
4268
4289
4358
4362
4367
4370
4391
4424
4462
4464
4471
4501
4504
4507
4514
4538
4542
4565
4594
4596
4599
4606
4611
4634
4639
4653
4656
4663
4710
4715
4727
4728
4748
4757
4767
4772
4793
4823
4837
4849
4860
4861
4892
4903
4906
4912
4923
4928
4967
4973
4984
4985
4992
5018
5070
5089
5091
5095
5118
5129
5131
5167
5178
5195
5198
5217
5224
5228
5231
5282
5301
5317
5333
5379
5395
5402
5410
5460
5471
5476
5483
5485
5486
5523
5530
5543
5559
5560
5561
5594
5633
5637
5649
5655
5686
5687
5738
5758
5805
5823
5827
5850
5887
5895
5902
5917
5924
5944
5947
5951
5983
5990
6007
6008
6013
6031
6050
6069
6104
6145
6164
6197
6201
6203
6205
6230
6257
6290
6333
6355
6365
6387
6394
6395
6396
6435
6436
6468
6496
6510
6526
6529
6556
6571
6607
6608
6632
6634
6667
6688
6735
6736
6751
6759
6783
6815
6823
6825
6841
6851
6852
6892
6893
6902
6909
6945
6950
6978
6989
7018
7028
7044
7132
7152
7156
7187
7197
7211
7224
7242
7262
7311
7314
7345
7360
7374
7391
7394
7424
7471
7475
7496
7512
7513
7562
7601
7613
7615
7626
7632
7650
7654
7678
7682
7687
7717
7738
7769
7772
7775
7777
7788
7803
7816
7833
7834
7855
7858
7878
7883
7910
7918
7921
7955
7969
7997
8001
8004
8010
8032
8049
8071
8073
8085
8122
8123
8144
8161
8167
8178
8194
8200
8206
8208
8248
8255
8261
8273
8315
8347
8348
8358
8359
8362
8376
8402
8425
8428
8429
8435
8462
8472
8476
8491
8534
8539
8541
8558
8570
8589
8622
8658
8667
8675
8686
8698
8747
8811
8820
8830
8850
8879
8884
8889
8897
8909
8920
8924
8983
8985
9008
9030
9032
9067
9101
9106
9114
9116
9120
9153
9158
9166
9211
9238
9319
9337
9345
9360
9386
9391
9408
9430
9445
9446
9464
9475
9477
9489
9500
9501
9520
9525
9528
9541
9564
9572
9575
9581
9615
9648
9650
9652
9654
9669
9670
9709
9732
9737
9762
9766
9770
9794
9796
9817
9820
9837
9863
9868
9875
9886
9900
9902
9910
9913
9917
9929
9941
9961
9976
9981
9998
10018
10027
10058
10084
10112
10113
10154
10206
10221
10224
10231
10249
10251
10275
10276
10295
10298
10326
10332
10350
10367
10369
10386
10388
10395
10433
10442
10445
10447
10462
10463
10464
10487
10507
10514
10524
10530
10534
10602
10637
10646
10710
10743
10751
10769
10824
10901
10915
10916
10935
10949
10951
10957
10960
10979
10985
10990
10998
11018
11034
11037
11041
11046
11049
11070
11071
11076
11077
11080
11093
11096
11102
11157
11159
11175
11193
11200
11232
11258
11266
11306
11335
11336
11423
11428
11429
11432
11443
11455
11464
11490
11500
11505
11561
11575
11599
11603
11614
11621
11636
11651
11662
11674
11691
11697
11700
11704
11710
11734
11743
11779
11824
11837
11848
11855
11861
11863
11886
11895
11905
11936
11945
11987
12012
12021
12023
12026
12069
12089
12097
12105
12115
12149
12155
12206
12223
12252
12262
12302
12305
12344
12420
12428
12457
12471
12492
12503
12557
12563
12564
12568
12576
12577
12589
12594
12641
12647
12698
12717
12721
12738
12761
12766
12768
12795
12825
12826
12848
12864
12881
12900
12917
12944
12968
12969
12998
13014
13057
13091
13130
13157
13211
13231
13232
13240
13242
13263
13283
13307
13326
13329
13355
13386
13391
13405
13414
13434
13463
13494
13497
13505
13524
13537
13545
13556
13576
13610
13641
13677
13678
13751
13808
13829
13863
13879
13898
13921
13938
13941
13959
13987
14001
14005
14011
14016
14037
14068
14083
14098
14108
14126
14148
14171
14188
14248
14251
14265
14289
14292
14342
14366
14370
14377
14396
14408
14411
14420
14492
14543
14546
14572
14576
14614
14649
14656
14690
14700
14710
14717
14718
14773
14786
14798
14821
14828
14846
14848
14895
14934
14938
14939
14941
14958
14969
14999
15028
15044
15068
15079
15082
15123
15128
15129
15130
15139
15153
15155
15156
15171
15208
15211
15213
15230
15238
15252
15324
15326
15328
15331
15333
15349
15369
15380
15382
15395
15405
15409
15419
15428
15479
15497
15503
15518
15528
15537
15546
15575
15601
15616
15631
15647
15654
15678
15688
15697
15710
15711
15759
15770
15783
15839
15848
15864
15873
15899
15918
15931
15961
16008
16037
16102
16115
16117
16128
16162
16169
16189
16209
16253
16274
16291
16335
16353
16356
16379
16385
16387
16406
16421
16453
16466
16467
16483
16492
16500
16505
16507
16512
16513
16525
16566
16588
16589
16590
16595
16597
16607
16628
16641
16688
16710
16729
16733
16771
16777
16778
16790
16799
16840
16843
16845
16846
16849
16893
16897
16902
16912
16949
16961
16965
16967
16977
16980
