1
3
5
8
10
12
13
14
15
16
17
18
19
21
23
24
25
26
27
29
32
34
38
39
41
42
45
46
47
49
50
51
52
53
54
55
57
59
60
61
63
64
65
67
70
72
77
78
79
80
81
82
83
84
86
87
88
90
92
93
94
95
97
98
100
101
102
103
104
105
107
108
110
112
113
114
116
117
118
121
122
123
124
125
126
127
128
129
131
133
135
136
137
138
139
144
145
146
147
150
151
152
154
155
156
158
160
161
162
167
169
173
174
175
176
180
182
184
188
189
191
193
195
196
197
198
201
204
205
206
207
211
212
214
215
216
217
219
220
221
224
225
226
227
229
232
233
235
236
237
238
241
242
243
244
245
250
254
255
256
260
261
262
265
268
270
272
273
275
276
277
278
279
281
283
286
287
288
289
290
292
293
296
297
298
300
301
302
303
304
305
306
307
308
310
311
313
314
315
318
319
322
326
327
328
330
331
334
336
338
339
340
343
346
347
350
352
354
355
357
360
361
362
366
367
368
372
373
374
375
376
377
379
380
381
383
384
387
388
389
391
394
396
397
398
399
400
402
404
407
409
410
411
412
413
414
415
420
422
424
425
426
427
428
429
430
433
437
439
440
441
442
445
446
448
449
450
454
455
456
457
459
460
461
462
465
466
468
471
472
473
474
475
476
478
479
480
481
485
486
487
488
489
490
492
493
495
496
497
499
500
501
503
505
512
513
515
517
518
519
521
522
525
527
529
530
531
532
534
535
536
537
538
540
541
542
543
545
547
550
551
553
554
555
557
558
560
563
565
566
567
568
569
571
572
574
575
576
578
580
582
583
584
587
589
590
591
593
594
595
596
599
601
603
604
605
608
609
610
611
612
613
616
617
619
622
623
628
629
632
633
634
635
636
639
640
642
644
645
646
647
648
651
653
655
656
659
660
661
662
663
664
665
667
668
670
671
672
675
681
683
684
685
688
692
694
695
697
698
699
700
702
704
705
707
711
714
716
717
719
720
721
722
723
724
725
726
729
731
735
736
737
739
741
746
749
750
753
756
758
760
763
764
765
766
767
768
769
771
773
775
776
777
779
780
781
782
784
785
786
787
788
789
791
792
793
794
795
796
799
801
802
803
808
809
810
811
813
814
816
817
821
822
823
824
827
829
836
837
838
839
840
841
843
847
850
851
854
856
857
858
860
861
862
863
864
866
867
868
870
871
872
875
877
883
884
886
887
888
889
892
893
894
895
896
898
899
901
902
903
906
907
908
910
911
914
917
918
919
920
921
923
925
927
930
932
933
936
937
943
944
948
949
953
954
956
957
958
959
960
962
963
966
967
968
970
971
972
973
975
976
978
979
982
985
987
988
989
990
993
995
996
997
999
1002
1006
1009
1013
1017
1018
1019
1020
1022
1024
1027
1029
1031
1034
1035
1036
1037
1038
1040
1042
1044
1045
1049
1051
1053
1054
1055
1056
1057
1058
1060
1062
1063
1069
1074
1075
1076
1078
1080
1081
1082
1085
1086
1087
1088
1089
1090
1094
1095
1096
1097
1098
1104
1107
1108
1111
1114
1115
1116
1118
1119
1121
1122
1123
1127
1128
1129
1130
1135
1137
1138
1139
1140
1141
1142
1143
1144
1145
1149
1150
1152
1155
1156
1160
1161
1162
1167
1168
1169
1170
1173
1174
1175
1176
1177
1179
1180
1181
1183
1185
1186
1187
1188
1189
1190
1191
1194
1195
1198
1200
1201
1202
1204
1206
1207
1209
1210
1211
1212
1213
1215
1218
1219
1223
1224
1225
1228
1231
1232
1233
1237
1241
1242
1244
1245
1246
1247
1248
1249
1250
1252
1253
1254
1255
1256
1258
1259
1260
1261
1263
1264
1265
1266
1267
1270
1271
1272
1273
1274
1277
1279
1280
1282
1283
1284
1285
1287
1289
1293
1295
1297
1300
1303
1304
1306
1307
1308
1309
1310
1312
1313
1315
1317
1318
1320
1321
1322
1325
1326
1327
1328
1330
1332
1333
1334
1336
1337
1338
1340
1341
1342
1345
1346
1348
1350
1351
1352
1356
1360
1364
1365
1367
1368
1369
1370
1371
1372
1373
1374
1375
1377
1379
1380
1384
1386
1388
1390
1392
1393
1394
1396
1397
1398
1399
1401
1402
1404
1405
1406
1408
1410
1411
1413
1415
1416
1417
1420
1421
1424
1425
1426
1431
1432
1433
1436
1437
1438
1440
1442
1443
1444
1445
1446
1448
1450
1453
1455
1457
1458
1459
1460
1461
1462
1466
1467
1471
1472
1473
1474
1475
1476
1477
1479
1482
1483
1484
1486
1487
1489
1493
1495
1496
1500
1503
1506
1507
1508
1512
1515
1516
1517
1518
1519
1520
1521
1522
1523
1524
1526
1527
1529
1531
1533
1536
1538
1539
1540
1541
1542
1547
1548
1551
1553
1554
1555
1558
1561
1564
1565
1566
1570
1571
1572
1575
1576
1577
1579
1580
1582
1583
1584
1585
1586
1587
1588
1589
1590
1591
1592
1593
1594
1597
1599
1600
1601
1602
1603
1604
1607
1608
1609
1610
1611
1612
1614
1618
1619
1620
1622
1623
1629
1630
1632
1634
1645
1648
1649
1652
1653
1654
1655
1656
1662
1663
1665
1666
1669
1670
1671
1672
1673
1675
1677
1678
1682
1683
1684
1685
1688
1690
1691
1692
1696
1697
1698
1699
1700
1701
1704
1707
1710
1711
1714
1715
1716
1720
1721
1723
1724
1725
1726
1728
1730
1731
1733
1736
1737
1741
1743
1744
1748
1749
1750
1751
1753
1755
1756
1758
1761
1762
1764
1766
1768
1769
1770
1771
1774
1776
1777
1780
1783
1784
1785
1787
1788
1789
1790
1791
1793
1794
1795
1797
1798
1799
1802
1804
1806
1807
1808
1812
1814
1816
1817
1819
1822
1823
1825
1828
1832
1834
1835
1836
1837
1838
1839
1842
1843
1845
1847
1848
1849
1850
1852
1853
1855
1857
1859
1860
1863
1865
1867
1869
1871
1872
1873
1874
1876
1879
1880
1881
1883
1884
1888
1890
1893
1894
1895
1896
1897
1898
1901
1902
1903
1904
1909
1911
1912
1913
1914
1915
1916
1917
1918
1919
1920
1922
1923
1924
1927
1929
1932
1934
1935
1936
1938
1941
1942
1945
1946
1947
1948
1949
1950
1952
1953
1957
1960
1961
1964
1967
1969
1970
1971
1975
1976
1977
1979
1982
1985
1986
1989
1994
1996
1998
1999
2000
2003
2005
2008
2010
2011
2012
2013
2017
2018
2020
2021
2022
2024
2026
2029
2030
2031
2033
2038
2039
2044
2045
2046
2047
2048
2051
2053
2054
2058
2059
2060
2062
2063
2064
2066
2068
2069
2073
2075
2076
2079
2080
2081
2082
2083
2084
2085
2086
2088
2089
2092
2093
2095
2096
2099
2100
2104
2105
2107
2108
2111
2115
2117
2119
2121
2122
2127
2132
2133
2134
2136
2137
2138
2139
2141
2142
2146
2148
2150
2151
2152
2153
2156
2157
2159
2161
2164
2165
2167
2168
2169
2170
2171
2173
2175
2176
2177
2178
2184
2185
2186
2187
2188
2190
2191
2193
2194
2195
2196
2197
2198
2199
2200
2201
2202
2203
2204
2206
2207
2211
2212
2215
2216
2217
2218
2219
2220
2221
2222
2225
2227
2228
2230
2234
2235
2237
2240
2243
2244
2245
2247
2249
2251
2253
2255
2256
2257
2258
2261
2264
2265
2269
2270
2271
2273
2274
2276
2277
2278
2279
2280
2281
2282
2283
2284
2285
2286
2287
2290
2292
2294
2297
2298
2302
2303
2304
2305
2308
2309
2311
2312
2313
2318
2319
2320
2324
2327
2328
2329
2333
2335
2338
2339
2340
2341
2342
2343
2344
2345
2346
2347
2351
2353
2355
2357
2358
2360
2361
2362
2363
2365
2366
2368
2369
2374
2376
2377
2379
2380
2381
2382
2386
2387
2388
2390
2392
2393
2394
2395
2396
2397
2398
2399
2400
2401
2403
2406
2408
2413
2414
2416
2417
2418
2419
2421
2424
2425
2426
2427
2428
2429
2430
2433
2434
2435
2440
2441
2444
2450
2451
2452
2454
2456
2458
2459
2460
2461
2462
2463
2464
2465
2466
2468
2469
2470
2471
2472
2475
2477
2478
2481
2482
2484
2485
2486
2489
2490
2491
2492
2493
2494
2495
2497
2498
2499
2500
2502
2503
2505
2507
2508
2509
2510
2512
2513
2515
2516
2517
2518
2519
2520
2521
2523
2527
2528
2531
2534
2536
2539
2540
2542
2543
2544
2546
2547
2549
2550
2551
2553
2554
2557
2558
2560
2561
2566
2568
2571
2573
2574
2575
2577
2578
2579
2585
2586
2588
2590
2591
2595
2597
2599
2602
2603
2604
2607
2610
2611
2612
2613
2614
2615
2616
2617
2618
2619
2621
2622
2623
2624
2625
2626
2627
2628
2630
2632
2634
2635
2637
2641
2642
2643
2644
2648
2651
2652
2653
2654
2655
2656
2657
2658
2660
2661
2662
2664
2665
2666
2670
2671
2673
2674
2675
2677
2678
2679
2680
2681
2682
2683
2684
2687
2688
2689
2692
2693
2694
2701
2702
2703
2704
2706
2709
2710
2711
2713
2714
2715
2720
2722
2723
2724
2728
2730
2733
2734
2735
2736
2737
2738
2739
2740
2741
2742
2743
2744
2745
2746
2749
2753
2756
2757
2758
2759
2762
2764
2765
2766
2768
2769
2772
2773
2774
2777
2778
2779
2782
2783
2785
2787
2791
2792
2796
2800
2801
2802
2808
2809
2810
2811
2812
2813
2814
2815
2816
2822
2824
2826
2827
2829
2831
2832
2834
2835
2837
2838
2839
2840
2841
2842
2843
2845
2850
2851
2853
2854
2856
2859
2860
2862
2863
2864
2865
2866
2867
2868
2869
2872
2875
2876
2878
2879
2881
2883
2884
2886
2887
2888
2890
2891
2892
2893
2895
2896
2897
2898
2900
2901
2904
2906
2907
2908
2909
2911
2912
2913
2915
2917
2919
2921
2923
2925
2926
2928
2931
2932
2933
2937
2941
2942
2947
2948
2949
2952
2953
2954
2958
2960
2961
2962
2963
2964
2967
2968
2970
2971
2972
2974
2975
2977
2979
2980
2981
2982
2983
2984
2986
2987
2990
2991
2992
2993
2996
2999
3001
3003
3004
3008
3009
3010
3013
3014
3016
3017
3021
3024
3025
3026
3029
3030
3032
3035
3036
3040
3041
3042
3043
3045
3046
3048
3051
3053
3054
3055
3056
3059
3062
3065
3067
3069
3070
3073
3074
3075
3079
3080
3081
3082
3083
3085
3087
3088
3090
3091
3092
3093
3094
3096
3097
3098
3100
3104
3106
3110
3111
3112
3113
3114
3119
3121
3122
3123
3126
3127
3128
3129
3131
3132
3133
3134
3136
3138
3140
3142
3146
3148
3150
3152
3153
3154
3157
3158
3160
3162
3163
3164
3165
3168
3172
3173
3174
3177
3179
3180
3181
3182
3183
3185
3186
3187
3188
3190
3191
3193
3194
3195
3196
3198
3199
3200
3201
3204
3205
3206
3208
3209
3210
3212
3214
3215
3216
3217
3219
3222
3224
3225
3226
3227
3228
3229
3231
3232
3233
3235
3240
3243
3244
3245
3247
3248
3249
3250
3252
3253
3254
3255
3256
3258
3260
3262
3263
3264
3265
3267
3269
3271
3272
3273
3274
3277
3278
3280
3281
3282
3284
3285
3286
3287
3288
3289
3290
3295
3297
3298
3299
3303
3304
3305
3306
3310
3311
3312
3313
3314
3316
3318
3320
3321
3322
3323
3327
3331
3332
3333
3334
3336
3337
3339
3343
3346
3347
3348
3349
3350
3351
3352
3353
3354
3355
3357
3361
3362
3364
3365
3366
3367
3369
3370
3371
3372
3373
