1
3
5
12
13
15
18
23
24
25
26
32
38
39
41
42
46
49
50
51
52
55
57
60
61
63
64
70
72
77
78
80
81
82
83
84
86
90
92
93
95
97
98
100
102
104
107
108
112
113
114
116
117
118
122
123
124
127
129
131
135
136
144
145
146
147
151
155
156
158
162
169
173
182
189
191
195
196
204
205
206
207
212
215
216
217
221
224
225
226
233
235
236
238
242
243
244
245
250
255
256
260
261
265
268
273
275
278
281
283
287
290
293
298
302
304
305
306
307
308
310
315
318
322
327
330
336
338
340
343
346
347
354
355
357
361
362
366
367
372
374
377
379
380
381
383
387
388
391
396
397
400
402
404
407
409
410
411
412
413
420
422
425
426
427
429
433
437
439
440
441
446
448
449
450
454
456
457
461
462
466
468
472
473
474
475
476
478
479
481
485
487
488
489
492
493
495
496
497
499
501
503
505
512
513
515
519
521
527
529
531
532
534
535
536
537
540
541
543
545
547
550
551
553
554
555
557
558
560
563
567
568
571
572
574
575
583
584
591
593
594
595
601
603
605
610
611
612
613
616
617
619
622
623
629
632
633
635
639
644
645
646
651
655
661
664
665
668
670
671
672
675
681
683
688
695
697
698
700
702
704
705
707
714
716
717
719
720
722
724
729
735
736
739
741
756
760
764
765
766
768
769
771
775
776
777
781
782
784
785
787
789
791
792
794
799
801
802
810
811
817
821
823
824
827
836
838
840
841
847
850
851
856
857
860
861
863
864
866
867
870
871
875
877
883
886
888
889
892
893
894
896
898
899
901
903
906
907
908
911
914
917
918
919
920
921
923
925
927
930
933
936
937
943
944
957
958
959
963
966
967
968
970
971
972
973
976
988
990
995
996
997
999
1002
1009
1013
1017
1018
1019
1027
1029
1031
1034
1035
1036
1037
1040
1044
1049
1051
1053
1055
1056
1057
1058
1063
1069
1076
1078
1080
1082
1085
1087
1088
1089
1090
1094
1096
1107
1108
1111
1115
1118
1119
1121
1122
1123
1127
1129
1135
1140
1141
1143
1144
1145
1150
1155
1162
1168
1169
1170
1173
1174
1176
1177
1179
1180
1183
1185
1186
1188
1189
1190
1191
1194
1195
1198
1200
1201
1202
1204
1206
1207
1209
1210
1211
1223
1224
1225
1228
1231
1232
1233
1237
1241
1242
1245
1246
1247
1248
1250
1252
1255
1256
1258
1260
1261
1263
1265
1267
1271
1272
1273
1274
1277
1279
1284
1293
1303
1306
1307
1315
1317
1321
1325
1326
1327
1328
1330
1333
1338
1340
1342
1348
1350
1351
1352
1356
1364
1367
1368
1370
1371
1372
1373
1374
1375
1379
1380
1386
1388
1392
1393
1397
1398
1401
1404
1406
1411
1413
1415
1417
1420
1421
1424
1426
1431
1432
1436
1440
1442
1444
1445
1446
1448
1453
1455
1461
1462
1466
1467
1472
1473
1474
1475
1476
1477
1482
1484
1486
1500
1503
1506
1507
1508
1512
1515
1518
1519
1520
1521
1523
1524
1526
1527
1533
1536
1539
1540
1541
1542
1547
1548
1551
1553
1554
1555
1561
1566
1570
1571
1572
1582
1583
1584
1585
1586
1589
1590
1592
1593
1594
1597
1599
1600
1601
1603
1604
1607
1608
1609
1610
1611
1612
1614
1618
1620
1630
1632
1634
1653
1662
1665
1666
1670
1671
1672
1673
1678
1682
1683
1684
1685
1691
1692
1697
1698
1699
1700
1704
1710
1721
1724
1728
1730
1736
1737
1741
1743
1748
1749
1750
1751
1755
1761
1762
1766
1769
1771
1776
1777
1784
1787
1789
1793
1794
1795
1797
1799
1808
1812
1814
1817
1819
1825
1828
1832
1834
1835
1836
1837
1839
1843
1845
1847
1848
1849
1850
1852
1859
1860
1863
1867
1869
1871
1872
1873
1874
1876
1884
1888
1890
1894
1895
1896
1901
1902
1903
1911
1912
1915
1918
1920
1924
1929
1932
1936
1938
1941
1942
1946
1948
1949
1950
1953
1957
1960
1961
1964
1970
1971
1975
1977
1982
1985
1986
1994
2000
2003
2005
2008
2012
2017
2022
2024
2026
2029
2030
2031
2039
2044
2045
2046
2047
2048
2051
2058
2062
2064
2066
2068
2075
2080
2082
2086
2088
2093
2095
2096
2100
2104
2107
2115
2119
2121
2132
2133
2137
2138
2139
2141
2142
2146
2150
2151
2152
2153
2156
2157
2161
2164
2168
2171
2173
2175
2176
2177
2178
2184
2188
2190
2191
2193
2194
2196
2197
2201
2202
2203
2204
2206
2207
2211
2212
2216
2217
2218
2220
2221
2222
2227
2228
2230
2234
2235
2243
2244
2245
2249
2251
2255
2256
2257
2258
2261
2264
2265
2274
2277
2278
2280
2281
2282
2284
2286
2287
2290
2292
2294
2298
2303
2304
2309
2311
2312
2313
2318
2320
2324
2328
2329
2338
2339
2341
2342
2343
2344
2345
2346
2347
2357
2360
2361
2362
2363
2368
2376
2379
2380
2382
2386
2388
2392
2396
2397
2398
2399
2403
2418
2419
2421
2426
2428
2430
2433
2435
2440
2450
2451
2452
2456
2464
2466
2469
2471
2475
2477
2478
2482
2485
2489
2491
2493
2494
2495
2497
2499
2503
2508
2510
2515
2516
2517
2518
2519
2520
2521
2523
2527
2531
2534
2539
2542
2547
2550
2551
2553
2554
2557
2558
2561
2568
2571
2574
2575
2577
2585
2586
2590
2591
2595
2603
2610
2611
2612
2613
2614
2615
2616
2617
2621
2625
2626
2627
2628
2632
2634
2635
2641
2643
2644
2652
2653
2656
2657
2658
2660
2661
2662
2664
2665
2666
2670
2671
2673
2674
2675
2678
2679
2681
2683
2684
2687
2688
2689
2693
2694
2701
2702
2703
2704
2706
2709
2710
2713
2714
2715
2720
2722
2724
2728
2730
2735
2737
2738
2740
2741
2743
2745
2746
2749
2753
2756
2759
2762
2772
2773
2774
2777
2778
2779
2782
2783
2785
2787
2796
2801
2802
2809
2814
2815
2826
2827
2829
2831
2832
2834
2837
2839
2840
2843
2845
2853
2860
2862
2863
2866
2868
2869
2875
2876
2878
2883
2884
2886
2887
2888
2890
2893
2897
2900
2901
2904
2906
2907
2908
2909
2911
2912
2917
2921
2923
2926
2928
2932
2937
2948
2949
2952
2953
2954
2962
2963
2964
2971
2975
2977
2979
2980
2981
2982
2983
2984
2986
2990
2991
2992
2993
2999
3001
3003
3008
3010
3014
3021
3026
3029
3030
3032
3035
3042
3045
3048
3054
3056
3059
3067
3069
3070
3073
3074
3075
3079
3080
3081
3082
3083
3085
3091
3092
3093
3094
3096
3097
3098
3104
3106
3110
3111
3112
3114
3119
3122
3123
3128
3129
3132
3134
3136
3138
3140
3146
3153
3154
3157
3158
3160
3165
3172
3173
3174
3177
3179
3180
3181
3182
3183
3185
3187
3188
3190
3191
3193
3196
3198
3200
3201
3204
3205
3206
3212
3215
3216
3222
3224
3226
3228
3229
3231
3233
3235
3243
3245
3248
3249
3250
3252
3253
3254
3255
3256
3262
3263
3265
3271
3272
3273
3274
3277
3278
3280
3281
3282
3284
3289
3295
3297
3298
3299
3303
3304
3305
3310
3311
3312
3313
3314
3316
3320
3331
3332
3333
3334
3337
3339
3343
3349
3351
3354
3355
3362
3364
3365
3366
3367
3371
3372
3376
3378
3386
3388
3389
3393
3401
3402
3404
3405
3408
3416
3417
3419
3422
3424
3426
3427
3428
3429
3430
3435
3438
3440
3448
3453
3455
3457
3458
3461
3468
3471
3472
3473
3476
3482
3492
3494
3496
3497
3501
3504
3505
3506
3507
3508
3509
3511
3514
3515
3517
3518
3522
3524
3526
3528
3532
3534
3536
3538
3541
3542
3543
3547
3553
3554
3556
3561
3563
3565
3566
3577
3584
3586
3587
3589
3590
3591
3592
3598
3600
3601
3603
3609
3610
3613
3619
3620
3625
3627
3628
3629
3630
3632
3635
3636
3637
3641
3642
3643
3644
3645
3646
3647
3648
3653
3654
3655
3656
3658
3663
3665
3668
3669
3673
3675
3677
3681
3683
3687
3688
3692
3695
3703
3704
3705
3713
3716
3717
3725
3727
3729
3735
3741
3742
3744
3747
3748
3749
3753
3756
3758
3766
3768
3771
3774
3777
3778
3780
3782
3784
3788
3789
3795
3796
3797
3798
3804
3809
3810
3811
3813
3814
3820
3821
3822
3833
3836
3838
3849
3857
3860
3861
3864
3867
3868
3872
3875
3882
3886
3888
3891
3892
3894
3897
3898
3899
3902
3903
3905
3908
3914
3916
3918
3920
3921
3923
3924
3925
3928
3930
3933
3938
3939
3944
3946
3947
3948
3959
3964
3966
3967
3968
3969
3970
3971
3973
3974
3977
3985
3987
3988
3992
3993
4001
4003
4004
4005
4009
4012
4015
4016
4019
4021
4024
4025
4026
4028
4029
4030
4031
4032
4036
4043
4044
4046
4047
4052
4055
4056
4057
4061
4063
4065
4067
4069
4070
4071
4072
4078
4081
4083
4085
4087
4088
4090
4092
4095
4096
4099
4101
4104
4106
4107
4108
4110
4118
4120
4122
4124
4127
4133
4135
4138
4140
4143
4146
4149
4152
4154
4158
4161
4162
4164
4165
4166
4167
4168
4170
4172
4174
4177
4178
4179
4183
4187
4188
4190
4191
4195
4198
4201
4203
4205
4206
4214
4215
4216
4223
4226
4229
4234
4235
4236
4237
4240
4244
4246
4248
4252
4255
4258
4260
4262
4268
4270
4271
4272
4274
4275
4280
4287
4292
4295
4296
4299
4301
4305
4306
4308
4314
4316
4317
4319
4320
4321
4322
4324
4325
4327
4328
4329
4337
4339
4341
4345
4347
4349
4352
4354
4355
4356
4358
4360
4363
4364
4365
4369
4371
4373
4374
4378
4379
4384
4385
4390
4392
4399
4400
4405
4407
4409
4411
4412
4415
4419
4422
4426
4427
4428
4429
4430
4432
4436
4437
4441
4442
4444
4446
4448
4449
4451
4453
4454
4455
4458
4459
4462
4464
4465
4467
4469
4470
4471
4472
4475
4478
4480
4481
4483
4485
4492
4499
4502
4504
4505
4506
4507
4512
4513
4516
4519
4520
4521
4525
4528
4532
4533
4535
4536
4542
4546
4547
4549
4551
4553
4554
4560
4562
4564
4565
4567
4569
4570
4571
4573
4576
4577
4579
4580
4584
4585
4588
4591
4594
4596
4598
4599
4602
4606
4609
4610
4611
4613
4615
4619
4623
4625
4626
4627
4628
4629
4630
4632
4633
4634
4635
4638
4639
4640
4641
4644
4646
4647
4649
4651
4653
4654
4655
4656
4657
4658
4662
4664
4669
4672
4675
4677
4678
4679
4683
4686
4688
4691
4692
4694
4698
4701
4704
4705
4707
4714
4715
4716
4718
4719
4727
4729
4731
4735
4736
4738
4739
4743
4745
4747
4748
4750
4751
4756
4757
4758
4760
4763
4767
4771
4772
4773
4774
4775
4776
4780
4784
4785
4786
4787
4791
4793
4798
4799
4806
4808
4810
4814
4816
4822
4826
4827
4828
4829
4830
4832
4835
4839
4841
4843
4847
4849
4850
4856
4860
4864
4868
4876
4877
4878
4883
4884
4885
4886
4887
4889
4890
4892
4897
4898
4899
4906
4907
4908
4912
4914
4916
4919
4920
4922
4926
4929
4931
4932
4937
4939
4940
4945
4946
4950
4951
4956
4964
4965
4967
4968
4969
4970
4971
4973
4976
4979
4981
4982
4983
4987
4988
4993
4995
4996
5001
5004
5007
5011
5015
5016
5021
5026
5030
5033
5042
5043
5044
5050
5054
5057
5058
5059
5060
5062
5063
5067
5073
5081
5083
5090
5091
5100
5102
5103
5108
5111
5118
5121
5122
5124
5129
5132
5133
5134
5136
5137
5141
5144
5149
5151
5152
5153
5155
5157
5159
5160
5163
5165
5166
5167
5172
5174
5176
5179
5181
5185
5186
5188
5189
5190
5191
5195
5196
5197
5198
5201
5205
5208
5215
5216
5220
