3
8
12
26
46
47
50
52
55
57
63
70
72
77
81
82
83
90
100
113
117
118
122
123
124
126
129
136
144
145
151
162
182
206
207
212
216
224
225
226
233
235
238
244
255
261
265
273
278
283
290
297
298
301
313
327
330
336
338
354
357
361
362
376
379
380
381
396
404
413
420
422
425
426
427
429
433
437
440
441
445
448
450
462
465
466
468
476
493
497
503
512
519
527
529
534
554
558
567
568
584
591
594
595
611
613
619
635
646
651
668
671
675
683
688
700
707
714
719
720
722
723
735
741
766
776
780
785
792
794
801
810
817
838
841
856
860
863
870
883
886
889
903
906
911
917
918
919
920
921
923
925
944
958
959
962
967
971
988
989
990
995
997
999
1009
1017
1027
1029
1049
1053
1054
1055
1057
1058
1082
1087
1096
1108
1111
1114
1115
1119
1121
1123
1129
1139
1140
1142
1155
1162
1169
1176
1177
1189
1191
1200
1204
1209
1210
1223
1225
1228
1231
1232
1237
1241
1247
1249
1258
1267
1274
1283
1306
1315
1317
1318
1326
1327
1328
1330
1337
1338
1348
1351
1352
1354
1364
1367
1371
1388
1401
1404
1406
1417
1420
1426
1431
1440
1445
1446
1453
1455
1461
1466
1482
1503
1506
1507
1508
1512
1518
1519
1523
1524
1526
1541
1571
1583
1584
1589
1590
1593
1601
1602
1603
1604
1612
1614
1620
1621
1630
1666
1670
1671
1677
1682
1691
1701
1721
1748
1749
1750
1761
1762
1770
1776
1789
1795
1797
1799
1814
1825
1834
1835
1845
1847
1849
1850
1859
1863
1869
1871
1874
1876
1884
1892
1895
1896
1902
1920
1924
1929
1936
1938
1961
1975
1982
1986
1994
2010
2012
2017
2029
2039
2044
2046
2051
2059
2064
2069
2079
2107
2117
2119
2121
2133
2137
2139
2142
2146
2150
2151
2152
2161
2173
2174
2188
2190
2191
2195
2196
2197
2203
2207
2211
2212
2217
2221
2222
2230
2235
2243
2244
2249
2261
2264
2265
2280
2284
2286
2292
2294
2302
2304
2318
2324
2338
2339
2343
2347
2353
2360
2362
2363
2376
2379
2392
2396
2397
2398
2399
2417
2418
2419
2420
2426
2428
2430
2440
2451
2452
2464
2466
2475
2483
2499
2500
2503
2510
2515
2521
2523
2527
2528
2534
2539
2542
2547
2550
2551
2554
2557
2558
2585
2595
2611
2612
2616
2617
2618
2621
2625
2632
2635
2641
2662
2665
2666
2670
2671
2674
2677
2678
2679
2681
2687
2689
2704
2711
2715
2723
2724
2735
2743
2744
2745
2749
2756
2759
2764
2772
2774
2782
2796
2798
2801
2822
2834
2837
2840
2863
2887
2888
2892
2893
2907
2911
2917
2923
2932
2942
2963
2979
2984
2986
3001
3003
3014
3021
3026
3029
3035
3043
3054
3056
3067
3069
3070
3074
3075
3080
3082
3085
3096
3097
3110
3123
3125
3136
3145
3148
3153
3154
3157
3165
3173
3174
3177
3179
3182
3183
3185
3190
3194
3197
3198
3205
3212
3215
3216
3221
3224
3228
3229
3231
3249
3250
3255
3256
3271
3273
3274
3289
3295
3297
3312
3316
3320
3331
3333
3334
3337
3339
3341
3347
3349
3362
3364
3365
3366
3372
3386
3397
3401
3405
3408
3415
3417
3419
3422
3424
3438
3452
3473
3476
3485
3492
3494
3496
3497
3501
3506
3511
3514
3517
3524
3526
3534
3536
3538
3541
3547
3556
3561
3565
3575
3577
3584
3586
3587
3589
3592
3598
3601
3603
3610
3613
3625
3628
3630
3636
3637
3641
3653
3656
3658
3667
3681
3688
3691
3692
3703
3705
3725
3735
3737
3753
3756
3766
3780
3782
3788
3794
3796
3797
3798
3804
3807
3810
3820
3836
3845
3846
3868
3875
3886
3892
3894
3899
3902
3905
3908
3918
3921
3927
3933
3944
3948
3966
3967
3968
3970
3971
3972
3973
3974
4009
4017
4019
4021
4023
4030
4036
4046
4057
4061
4063
4067
4070
4072
4078
4081
4083
4085
4088
4096
4099
4101
4104
4106
4110
4112
4120
4122
4127
4132
4133
4137
4138
4140
4146
4149
4152
4164
4168
4169
4172
4173
4175
4177
4178
4179
4188
4190
4191
4198
4206
4214
4215
4216
4234
4236
4240
4255
4268
4280
4295
4296
4300
4309
4314
4317
4321
4322
4324
4325
4327
4344
4345
4346
4355
4363
4373
4391
4411
4415
4426
4429
4436
4439
4442
4444
4449
4454
4465
4467
4471
4480
4483
4492
4499
4502
4504
4506
4507
4512
4521
4525
4542
4547
4558
4560
4562
4564
4565
4576
4585
4586
4594
4596
4599
4602
4611
4613
4626
4627
4629
4630
4633
4639
4644
4647
4655
4657
4664
4665
4669
4672
4683
4686
4688
4691
4698
4704
4707
4709
4710
4716
4719
4727
4729
4731
4738
4745
4750
4751
4763
4767
4771
4773
4780
4785
4786
4787
4799
4814
4826
4827
4828
4829
4837
4849
4850
4856
4868
4878
4890
4892
4897
4898
4908
4912
4915
4926
4932
4939
4964
4967
4970
4971
4976
4983
4984
4993
5001
5004
5015
5021
5026
5030
5033
5043
5090
5100
5101
5103
5111
5118
5121
5129
5131
5132
5133
5144
5152
5157
5162
5163
5166
5167
5176
5181
5186
5196
5197
5201
5221
5228
5235
5237
5238
5241
5242
5245
5263
5267
5268
5270
5277
5282
5284
5294
5295
5296
5298
5305
5320
5327
5329
5333
5338
5342
5350
5354
5366
5368
5379
5390
5393
5398
5405
5410
5415
5419
5424
5425
5429
5432
5433
5442
5452
5457
5467
5475
5493
5509
5518
5519
5520
5522
5525
5527
5529
5530
5531
5539
5543
5557
5560
5561
5573
5575
5585
5594
5597
5602
5603
5606
5608
5611
5620
5624
5632
5637
5639
5649
5655
5675
5676
5690
5692
5696
5700
5752
5758
5769
5773
5791
5796
5809
5820
5827
5832
5847
5851
5857
5863
5866
5873
5876
5878
5887
5896
5898
5903
5910
5916
5919
5922
5927
5929
5931
5938
5945
5949
5963
5965
5967
5968
5973
5990
5991
5993
5999
6002
6003
6004
6006
6007
6009
6010
6013
6029
6031
6041
6044
6045
6048
6050
6059
6077
6086
6089
6110
6111
6121
6135
6142
6144
6152
6155
6162
6169
6176
6178
6180
6190
6192
6200
6203
6204
6210
6215
6232
6243
6245
6248
6254
6260
6267
6269
6270
6272
6273
6280
6281
6297
6300
6303
6311
6320
6322
6333
6336
6339
6340
6341
6346
6352
6358
6365
6372
6374
6375
6376
6378
6383
6386
6388
6395
6396
6398
6406
6408
6412
6413
6414
6416
6425
6429
6435
6453
6459
6460
6474
6485
6491
6496
6501
6508
6510
6524
6526
6528
6533
6541
6543
6544
6547
6548
6555
6556
6557
6561
6566
6567
6571
6585
6588
6590
6597
6606
6612
6614
6616
6618
6619
6631
6647
6656
6657
6658
6663
6669
6671
6673
6675
6688
6698
6699
6712
6717
6721
6722
6727
6728
6734
6735
6742
6764
6769
6770
6772
6774
6782
6804
6811
6813
6814
6815
6822
6823
6829
6839
6842
6845
6849
6852
6857
6863
6865
6868
6889
6894
6896
6898
6904
6905
6917
6920
6923
6935
6936
6939
6941
6951
6956
6959
6968
6971
6978
6981
6989
6995
6997
6998
7009
7012
7013
7022
7023
7024
7027
7028
7041
7052
7055
7057
7058
7059
7063
7069
7070
7071
7078
7089
7095
7099
7103
7110
7114
7120
7127
7134
7136
7140
7146
7155
7161
7167
7174
7179
7184
7185
7189
7190
7211
7226
7227
7228
7230
7235
7237
7238
7239
7247
7248
7249
7253
7260
7262
7266
7280
7297
7300
7303
7308
7317
7320
7323
7329
7330
7343
7345
7351
7352
7357
7359
7360
7365
7368
7370
7374
7377
7394
7409
7412
7414
7423
7429
7431
7439
7441
7455
7456
7457
7459
7467
7469
7476
7478
7480
7497
7504
7509
7512
7515
7516
7520
7530
7532
7544
7546
7550
7551
7555
7558
7562
7564
7568
7587
7588
7591
7604
7609
7623
7625
7626
7630
7651
7654
7656
7669
7678
7698
7712
7717
7735
7736
7737
7738
7742
7744
7765
7792
7806
7807
7815
7819
7820
7832
7836
7855
7857
7862
7865
7867
7878
7880
7885
7888
7892
7893
7897
7900
7904
7906
7907
7912
7923
7934
7962
7976
7990
7994
8000
8001
8002
8008
8016
8017
8022
8031
8032
8035
8038
8048
8053
8054
8061
8071
8078
8080
8093
8099
8105
8109
8111
8112
8117
8122
8131
8141
8150
8158
8160
8166
8167
8168
8170
8171
8174
8175
8177
8186
8193
8194
8197
8200
8206
8208
8215
8219
8221
8243
8244
8245
8246
8247
8250
8270
8273
8279
8299
8308
8311
8318
8344
8348
8349
8354
8357
8366
8371
8376
8379
8382
8389
8390
8396
8397
8402
8408
8416
8417
8430
8431
8441
8444
8449
8450
8451
8454
8461
8462
8466
8467
8468
8469
8472
8476
8500
8501
8502
8506
8515
8525
8535
8539
8545
8552
8557
8558
8559
8564
8573
8575
8585
8598
8604
8606
8613
8617
8625
8630
8636
8640
8647
8649
8650
8654
8655
8663
8666
8667
8668
8674
8676
8688
8698
8705
8715
8726
8727
8729
8738
8747
8761
8768
8777
8782
8784
8785
8788
8794
8796
8802
8810
8823
8826
8834
8839
8840
8846
8874
8886
8889
8894
8905
8908
8910
8914
8919
8920
8921
8940
8952
8961
8972
8979
8981
8984
8985
8986
8988
8995
8998
9000
9008
9019
9030
9032
9042
9047
9084
9087
9092
9097
9099
9107
9118
9120
9121
9130
9141
9149
9150
9151
9179
9180
9182
9183
9190
9196
9203
9210
9211
9212
9236
9237
9238
9240
9246
9248
9252
9263
9271
9275
9278
9284
9290
9291
9302
9309
9310
9319
9329
9337
9338
9351
9361
9363
9368
9372
9378
9382
9386
9396
9405
9408
9422
9426
9430
9432
9434
9438
9444
9445
9451
9464
9467
9470
9475
9477
9480
9483
9484
9497
9500
9506
9513
9533
9534
9535
9537
9542
9555
9558
9562
9564
9568
9581
9586
9587
9588
9594
9595
9599
9609
9613
9615
9625
9626
9637
9638
9640
9647
9648
9650
9651
9654
9660
9662
9664
9665
9673
9675
9676
9687
9697
9711
9719
9721
9722
9727
9732
9739
9740
9746
9761
9763
9766
9767
9768
9769
9770
9774
9777
9794
9797
9803
9815
9817
9830
9835
9843
9854
9855
9859
9863
9900
9914
9917
9924
9925
9929
9944
9945
9948
9969
9979
9980
9990
10001
10005
10018
10020
10023
10024
10027
10028
10031
10035
10054
10061
10067
10081
10087
10107
10108
10113
10116
10121
10132
10136
10141
10147
10151
10154
10167
10182
10190
10193
10202
10218
10224
10226
10233
10240
10241
10251
10271
10280
10283
10285
10286
10287
10290
10292
10293
10295
10319
10325
10328
10338
10343
10344
10350
10351
10354
10358
10366
10367
10371
10378
10391
10396
10401
10404
10410
10415
10422
10436
10442
10446
10466
10489
10491
10504
10506
10510
10522
10528
10530
10534
10540
10544
10551
10557
10582
10591
10593
10596
10598
10600
10614
10616
10620
10626
10646
10647
10653
10656
10672
10677
10678
10693
10700
10701
10705
10725
10730
10748
10750
10765
10777
10784
10799
10806
10821
10827
10839
10856
10858
10864
10871
10894
10902
10903
10912
10913
10919
10920
10922
10923
10925
10930
10938
10940
10945
10946
10951
10960
10962
10964
10973
10977
10990
10999
11000
11008
11009
11025
11041
11051
11052
11056
11060
11067
11070
11072
11078
11093
11094
11098
11102
11108
11109
11110
11111
11113
11125
11129
11131
11135
11141
11148
11167
11168
11178
11194
11197
11200
11201
11203
11209
11210
11211
11212
11218
11245
11248
11262
11266
11271
11273
11281
11286
11293
11320
11324
11327
11330
11333
11335
11346
11358
11366
11377
11380
11389
11397
11409
11415
11422
11431
11432
11439
11442
11444
11452
11455
11486
11493
11495
11497
11499
11505
11512
11514
11517
11520
11523
11541
11551
11555
11561
11563
11574
11577
11588
11591
11598
11599
11614
11620
11637
11639
11640
11646
11647
11653
11659
11666
11670
11682
11685
11690
11703
11707
11715
11717
11728
11734
11736
11738
11740
11766
11767
11775
11780
11785
11787
11794
11798
11809
11819
11820
11828
11840
