1
10
14
18
19
24
25
42
43
51
53
59
61
64
66
67
78
80
84
87
88
95
97
98
102
103
104
105
110
116
128
131
134
137
146
150
154
156
158
169
174
180
193
195
196
198
211
215
219
227
232
236
237
241
242
243
247
250
254
256
258
268
272
274
281
287
288
289
292
299
303
306
307
308
311
315
324
328
331
339
343
346
347
350
352
369
373
374
375
383
387
389
399
400
409
414
423
431
439
442
446
449
454
455
456
457
460
461
473
474
475
478
479
480
481
492
495
499
500
515
517
522
525
526
531
537
540
541
543
550
553
555
557
566
571
574
575
580
587
589
597
601
609
610
623
628
629
633
634
636
639
644
647
648
660
665
667
678
681
692
699
704
705
706
709
711
724
727
729
737
743
746
747
756
758
760
763
764
768
773
775
777
786
787
789
791
796
806
809
823
839
843
847
851
857
864
866
867
868
871
876
877
879
887
893
894
895
908
914
926
927
929
931
942
949
953
956
960
965
966
970
973
978
979
981
996
1002
1022
1024
1035
1040
1066
1069
1074
1076
1078
1081
1085
1086
1088
1090
1097
1122
1127
1130
1131
1141
1152
1158
1161
1168
1174
1180
1183
1187
1190
1201
1202
1206
1207
1220
1221
1224
1229
1246
1248
1252
1255
1256
1257
1261
1284
1285
1300
1302
1304
1307
1309
1312
1322
1323
1325
1332
1333
1340
1345
1356
1365
1370
1372
1378
1379
1380
1393
1394
1396
1398
1399
1403
1405
1410
1413
1421
1424
1432
1437
1442
1443
1444
1450
1457
1459
1464
1471
1472
1473
1475
1478
1479
1485
1486
1490
1496
1504
1515
1517
1521
1522
1527
1532
1537
1557
1564
1566
1569
1572
1579
1587
1591
1598
1599
1600
1606
1608
1610
1611
1616
1619
1623
1632
1634
1645
1648
1649
1654
1655
1656
1661
1665
1673
1675
1683
1688
1692
1699
1700
1707
1714
1715
1716
1720
1722
1724
1725
1728
1751
1753
1758
1764
1766
1768
1769
1771
1783
1784
1793
1794
1807
1808
1824
1826
1836
1842
1843
1851
1853
1857
1860
1862
1865
1867
1872
1873
1881
1883
1888
1889
1890
1893
1894
1898
1903
1904
1909
1911
1913
1915
1916
1917
1919
1930
1935
1940
1941
1948
1960
1971
1976
1989
1998
1999
2000
2003
2005
2018
2020
2023
2033
2037
2047
2054
2056
2068
2077
2081
2083
2084
2095
2105
2116
2127
2136
2140
2141
2157
2159
2164
2165
2169
2170
2176
2177
2178
2185
2194
2198
2199
2216
2220
2225
2226
2227
2240
2241
2245
2247
2255
2256
2257
2258
2260
2269
2271
2274
2276
2281
2282
2287
2290
2298
2305
2306
2312
2313
2320
2327
2329
2333
2344
2351
2356
2357
2361
2367
2370
2391
2394
2400
2404
2405
2406
2408
2413
2423
2429
2435
2437
2454
2458
2460
2461
2465
2469
2471
2478
2480
2482
2484
2488
2490
2491
2492
2493
2494
2497
2501
2512
2516
2517
2519
2520
2540
2553
2562
2566
2569
2571
2573
2574
2581
2586
2588
2590
2591
2597
2599
2600
2603
2613
2615
2619
2622
2626
2628
2642
2651
2652
2655
2656
2658
2661
2663
2664
2675
2682
2683
2684
2693
2694
2700
2706
2709
2719
2720
2721
2722
2728
2730
2736
2738
2752
2765
2766
2777
2778
2779
2785
2787
2791
2792
2800
2807
2808
2810
2812
2814
2815
2826
2831
2842
2851
2854
2856
2862
2865
2868
2869
2875
2876
2878
2883
2886
2891
2895
2896
2897
2898
2899
2906
2913
2914
2915
2928
2931
2935
2940
2946
2948
2952
2958
2964
2968
2970
2972
2974
2975
2990
2992
2993
2999
3008
3010
3013
3017
3025
3030
3040
3042
3055
3059
3065
3073
3083
3087
3088
3091
3093
3094
3100
3103
3104
3112
3119
3121
3122
3126
3129
3131
3133
3138
3143
3146
3152
3158
3163
3168
3175
3180
3189
3193
3195
3199
3200
3204
3214
3217
3219
3222
3232
3235
3239
3241
3245
3248
3253
3254
3263
3276
3277
3278
3280
3281
3282
3298
3299
3303
3304
3306
3310
3313
3314
3318
3321
3330
3332
3343
3348
3355
3357
3369
3370
3371
3374
3376
3377
3378
3383
3387
3388
3393
3394
3406
3412
3413
3416
3418
3426
3427
3429
3430
3433
3435
3437
3439
3443
3448
3453
3455
3456
3465
3467
3471
3472
3475
3478
3479
3482
3495
3499
3504
3507
3513
3515
3518
3525
3529
3545
3549
3554
3557
3558
3578
3579
3590
3594
3600
3609
3612
3614
3619
3620
3626
3627
3633
3635
3642
3645
3655
3664
3673
3675
3676
3687
3695
3704
3708
3714
3716
3739
3741
3748
3749
3751
3755
3757
3767
3777
3785
3786
3789
3801
3806
3809
3812
3819
3821
3823
3824
3827
3833
3842
3844
3849
3857
3860
3864
3865
3866
3888
3898
3903
3904
3906
3914
3915
3920
3923
3924
3926
3928
3930
3934
3935
3938
3941
3942
3949
3961
3962
3969
3976
3977
3979
3980
3982
3987
3988
3992
3993
4003
4006
4012
4015
4016
4032
4044
4047
4055
4059
4062
4065
4066
4069
4071
4080
4082
4090
4092
4094
4123
4124
4134
4142
4147
4161
4162
4165
4166
4170
4176
4183
4200
4205
4212
4213
4220
4222
4223
4225
4229
4237
4238
4241
4248
4249
4252
4258
4271
4272
4292
4294
4299
4301
4311
4316
4319
4330
4334
4336
4347
4349
4351
4352
4353
4358
4359
4362
4367
4370
4375
4377
4379
4384
4386
4399
4400
4402
4403
4405
4412
4416
4424
4425
4437
4440
4441
4450
4451
4455
4456
4459
4461
4462
4463
4464
4469
4470
4472
4477
4481
4485
4496
4497
4498
4501
4511
4513
4514
4519
4520
4528
4533
4534
4536
4538
4539
4544
4549
4551
4555
4568
4570
4575
4577
4578
4580
4582
4588
4591
4593
4597
4598
4600
4601
4606
4610
4614
4615
4617
4618
4620
4622
4634
4636
4640
4641
4649
4653
4654
4656
4658
4662
4666
4674
4679
4682
4689
4694
4715
4723
4726
4737
4739
4748
4756
4757
4760
4784
4790
4792
4793
4798
4801
4813
4821
4822
4823
4833
4839
4840
4841
4842
4843
4845
4848
4860
4861
4864
4875
4876
4877
4879
4880
4881
4884
4886
4887
4889
4901
4902
4903
4909
4910
4916
4919
4927
4929
4945
4946
4950
4951
4965
4969
4973
4974
4979
4987
4992
4995
4996
5005
5007
5010
5013
5018
5029
5031
5034
5044
5051
5053
5058
5059
5060
5062
5063
5066
5067
5073
5079
5089
5091
5093
5094
5095
5102
5105
5107
5108
5122
5124
5130
5134
5137
5138
5142
5145
5149
5155
5156
5159
5160
5165
5171
5174
5175
5177
5178
5179
5183
5189
5190
5191
5198
5202
5204
5205
5207
5210
5215
5216
5217
5219
5220
5222
5224
5231
5233
5248
5252
5253
5259
5262
5279
5281
5288
5291
5292
5299
5301
5312
5316
5319
5326
5331
5335
5344
5351
5352
5372
5380
5383
5384
5388
5394
5395
5399
5401
5404
5406
5408
5417
5421
5423
5428
5441
5445
5454
5458
5460
5466
5471
5474
5485
5486
5491
5499
5502
5503
5505
5508
5515
5521
5526
5534
5540
5541
5544
5549
5554
5559
5565
5568
5574
5576
5578
5581
5589
5590
5591
5598
5607
5612
5616
5623
5629
5633
5647
5652
5654
5656
5661
5667
5669
5683
5685
5686
5694
5702
5703
5705
5706
5709
5710
5711
5714
5715
5721
5722
5733
5736
5737
5738
5744
5746
5754
5756
5759
5762
5772
5775
5776
5777
5783
5786
5790
5797
5802
5805
5807
5818
5822
5824
5831
5836
5837
5841
5846
5850
5853
5860
5864
5877
5880
5881
5882
5884
5888
5893
5904
5905
5906
5908
5909
5911
5917
5920
5924
5937
5940
5941
5950
5959
5961
5964
5966
5970
5972
5974
5986
5987
5988
5998
6012
6014
6017
6027
6028
6030
6042
6043
6046
6052
6062
6065
6067
6069
6078
6083
6085
6088
6103
6107
6116
6120
6123
6126
6128
6131
6132
6137
6140
6141
6145
6148
6153
6158
6164
6166
6182
6185
6187
6188
6191
6197
6205
6220
6233
6251
6259
6263
6266
6274
6283
6288
6290
6293
6298
6309
6310
6312
6315
6332
6347
6348
6351
6356
6359
6363
6364
6369
6373
6394
6403
6421
6427
6432
6437
6438
6441
6448
6450
6452
6456
6457
6464
6465
6468
6476
6478
6483
6487
6488
6492
6497
6503
6506
6511
6514
6525
6529
6532
6535
6549
6550
6551
6552
6558
6562
6573
6582
6583
6584
6586
6600
6601
6602
6613
6615
6622
6630
6635
6636
6642
6650
6651
6654
6661
6667
6672
6676
6677
6682
6684
6690
6691
6692
6706
6718
6723
6736
6738
6739
6740
6743
6747
6750
6751
6755
6757
6758
6763
6773
6775
6776
6780
6781
6784
6794
6795
6797
6799
6801
6805
6810
6819
6820
6827
6831
6837
6841
6843
6846
6847
6853
6854
6861
6862
6864
6870
6874
6876
6877
6886
6895
6897
6899
6900
6909
6912
6913
6916
6921
6924
6925
6927
6932
6938
6945
6949
6950
6952
6957
6961
6962
6963
6967
6973
6990
6994
6996
7002
7004
7005
7010
7018
7031
7033
7036
7040
7042
7043
7047
7061
7065
7066
7067
7075
7081
7092
7098
7104
7105
7106
7108
7121
7126
7131
7137
7138
7142
7143
7148
7156
7157
7163
7166
7168
7170
7171
7173
7178
7182
7183
7186
7187
7191
7193
7196
7198
7203
7213
7217
7219
7223
7224
7234
7240
7242
7243
7245
7255
7257
7258
7264
7270
7277
7293
7294
7295
7301
7302
7304
7305
7309
7312
7315
7322
7324
7328
7337
7347
7353
7354
7369
7378
7380
7387
7389
7390
7393
7399
7403
7404
7407
7416
7424
7425
7435
7436
7437
7440
7453
7458
7460
7464
7471
7475
7482
7486
7487
7489
7490
7499
7501
7511
7521
7525
7529
7533
7534
7538
7541
7554
7559
7600
7601
7606
7608
7613
7614
7616
7620
7622
7631
7634
7639
7649
7650
7652
7653
7657
7664
7665
7666
7671
7674
7677
7682
7687
7688
7689
7690
7699
7700
7703
7706
7707
7713
7714
7721
7722
7729
7730
7732
7749
7750
7753
7756
7757
7760
7772
7773
7775
7780
7781
7782
7783
7786
7788
7789
7791
7794
7802
7805
7808
7811
7813
7816
7824
7833
7834
7838
7853
7858
7860
7877
7895
7901
7909
7914
7915
7917
7918
7920
7927
7929
7933
7940
7943
7952
7954
7961
7969
7970
7972
7975
7979
7982
7983
7992
7995
7997
8005
8012
8015
8019
8021
8027
8030
8037
8039
8043
8045
8046
8049
8055
8056
8060
8062
8064
8075
8085
8094
8100
8113
8124
8127
8133
8134
8148
8149
8153
8157
8159
8161
8162
8164
8165
8176
8179
8181
8188
8192
8195
8204
8205
8212
8213
8217
8218
8224
8231
8232
8241
8242
8248
8249
8260
8261
8262
8268
8269
8274
8278
8293
8298
8300
8302
8303
8309
8312
8313
8315
8321
8331
8332
8337
8338
8339
8343
8347
8350
8353
8368
8369
8373
8383
8405
8411
8412
8413
8422
8424
8425
8428
8433
8435
8439
8443
8445
8448
8453
8459
8460
8465
8474
8478
8482
8491
8497
8498
8507
8512
8517
8518
8519
8520
8530
8531
8532
8533
8540
8541
8548
8553
8554
8565
8570
8577
8578
8586
8588
8591
8595
8611
8615
8621
8622
8627
8628
8634
8635
8639
8641
8642
8652
8656
8657
8670
8673
8675
8691
8706
8710
8712
8714
8716
8718
8720
8725
8734
8737
8739
8741
8749
8750
8754
8756
8759
8760
8763
8771
8776
8781
8789
8790
8798
8808
8813
8815
8820
8821
8829
8841
8847
8850
8852
8859
8860
8867
8875
8876
8881
8884
8888
8895
8899
8909
8918
8924
8925
8928
8930
8939
8941
8943
8946
8950
8957
8964
8965
8970
8971
8978
8982
8989
8990
8994
9001
9006
9010
9011
9014
9018
9020
9029
9036
9037
9040
9043
9045
9049
9060
9063
9071
9072
9073
9082
9085
9091
9093
9096
9100
9101
9110
9113
9114
9115
9116
